1111111111111112
1222333222222233
1223222332222233
1232333233333333
1323212322222233
1323111323333323
1323212322222233
1232333233333333
1333222232222333
1222222223223233
1333222223333233
1222222222222233
1333222223333233
1222222223223233
1333322233333333
2333333333333333

4444445554446666
4466644555444444
4666664455555554
4666666445546645
4666664445466664
4466644445666666
4444444554666666
4544455454466666
4555546664546664
4554666666544444
5546666666454444
5446666666455555
5444666664454445
5444466644546644
4544444445466664
4455444455466666

0000000000000000
0007770000000000
0077777000777000
0777777707777700
0777777707777700
0777777007777770
0077700007777770
0000000000777770
0000777770077770
0077777777007700
0777777777000000
0777777777000000
0777777770007700
0077777700077770
0000770000007700
0000000000000000

0000000000000000
0000788888870000
0078889898888700
0788899999988870
0789999999998870
7889999998998887
7899989998988887
7898989988889887
7888888989898887
7878898888888877
7778888888787877
0787887788777770
0777878787787770
0077778777877700
0007777777777000
0000077777700000

0000000000000000
0000000000000000
0000333333330000
0003122222233000
0031112222333300
0311111223333330
3111111133333333
3222222222222223
0322222233333330
0032222233333300
0003222233333000
0000322233330000
0000032233300000
0000003233000000
0000000330000000
0000000000000000

0000000000000000
0000000000000000
0000000000000000
0000033333300000
0000322222230000
0003112222333000
0031111223333300
0032222233333300
0003222233333000
0000322233330000
0000032233300000
0000003233000000
0000000330000000
0000000000000000
0000000000000000
0000000000000000

0000000000000000
0111111111111120
0122222222222230
0123333333333230
0123111111113230
0123122222213230
0123123333213230
0123123223213230
0123123223213230
0123123333213230
0123122222213230
0123111111113230
0123333333333230
0122222222222230
0233333333333330
0000000000000000

0033330000000000
0322223333330000
3223332222223300
3233333333332230
3233133333333223
3233333333313323
0323333223333323
0323332112333323
0032332112333230
0032333223333230
0323333333332300
3233133331332300
3233333333332300
3223322233323000
0322233322230000
0033300033300000

3333333333333333
3222222332222223
3211112332111123
3212212332122123
3212212332122123
3211112332111123
3222222332222223
3333333333333333
3333333333333333
3222222332222223
3211112332111123
3212212332122123
3212212332122123
3211112332111123
3222222332222223
3333333333333333

0aa0000000000aa0
aaaa00000000aaaa
aaaa00000000aaaa
0aa0aa0bb0aa0aa0
000aaaa00aaaa000
000aaaa00aaaa000
000aaaa00aaaa000
0000aa0bb0aa0000
a00b00bbbb00b00a
ab0bbaaaaaabb0ba
000ba000000ab000
ab0bbaaaaaabb0ba
0a0bbbbbbbbbb0a0
0000bbbbbbbb0000
000000bbbb000000
0000000000000000

0000000000000000
0bb0000000000bb0
0bbb00000000bbb0
0bbbb000000bbbb0
0aab0aa00aa0baa0
0aab0aa00aa0baa0
0bbbb00aa00bbbb0
0bbbbba00abbbbb0
0bbbbbaaaabbbbb0
00bbbbaaaabbbb00
00bbbbaaaabbbb00
0baabbaaaabbaab0
0baabbaaaabbaab0
0bbbb00aa00bbbb0
00bb00000000bb00
0000000000000000

0000000000000000
0000000000000000
0000000000000000
0000000000000000
0000000000000000
0000100000100000
0000111011100000
0000011111000000
0000011111000000
0000111111100000
0001111111110000
0000001110000000
0000000100000000
0000000100000000
0000000000000000
0000000000000000

0000000000000000
0000000000000000
0000000000000000
0000000000000000
0000000000000000
0000000000000000
0000000000000000
0000000000000000
0000000000000000
0000000000000000
0000000000000000
0000000000000000
0000000000000000
0000000000000000
0000000000000000
0000000000000000

0000000000000000
0000000000000000
0000000000000000
0000000000000000
0000000000000000
0000000000000000
0000000000000000
0000000000000000
0000000000000000
0000000000000000
0000000000000000
0000000000000000
0000000000000000
0000000000000000
0000000000000000
0000000000000000

0000000000000000
0000000000000000
0000000000000000
0000000000000000
0000000000000000
0000000000000000
0000000000000000
0000000000000000
0000000000000000
0000000000000000
0000000000000000
0000000000000000
0000000000000000
0000000000000000
0000000000000000
0000000000000000

0000000000000000
0007888888700000
0788898988887000
7888999999888700
7899999999988700
8899999989988870
8999899989888870
8989899888898870
8888889898988870
8788988888888770
7788888887878770
7878877887777700
7778787877877700
0777787778777000
0077777777770000
0000777777000000

0000000000000000
0000000000000000
0000111111110000
0001111111111000
0012211111122100
0122221111222210
1222222112222221
1222222222222221
0111111122222210
0011111122222100
0001111122221000
0000111122210000
0000011122100000
0000001121000000
0000000110000000
0000000000000000

0000000000000000
0000000000000000
0000000000000000
0000000000000000
0000003333000000
0000032222300000
0000311223330000
0000311133330000
0000032233300000
0000003233000000
0000000330000000
0000000000000000
0000000000000000
0000000000000000
0000000000000000
0000000000000000

0000000000000000
0111111111111120
0122222222222230
0123333333333230
0123222222223230
0123233333323230
0123232222323230
0123232112323230
0123232112323230
0123232222323230
0123233333323230
0123222222223230
0123333333333230
0122222222222230
0233333333333330
0000000000000000

0033300000333300
0322230033222230
3223323322333223
3233332233333323
3233133333313323
0323333223333323
0323332222333230
0323322112233230
3233322112233230
3233132222333230
3233333223333230
0323333333133230
0032223333332300
0003332233322300
0000003322223000
0000000033330000

2222222222222222
2111111221111112
2122221221222212
2123321221233212
2123321221233212
2122221221222212
2111111221111112
2222222222222222
2222222222222222
2111111221111112
2122221221222212
2123321221233212
2123321221233212
2122221221222212
2111111221111112
2222222222222222

0000000000000000
0000000000000000
0000000000000000
0aa0aa0bb0aa0aa0
aa0aaaa00aaaa0aa
aa0aaaa00aaaa0aa
aa0aaaa00aaaa0aa
0aa0aa0bb0aa0aa0
000b00aaaa00b000
a00bba0000abb00a
ab0bba0000abb0ba
000bba0000abb000
ab0bbbaaaabbb0ba
0a00bbbbbbbb00a0
000000bbbb000000
0000000000000000

0000000000000000
0000000000000000
00bb00000000bb00
00bb00000000bb00
00ab0aa00aa0ba00
00ab0aa00aa0ba00
00bbb00aa00bbb00
00bbbba00abbbb00
00bbbba00abbbb00
000bbba00abbb000
00bbbbaaaabbbb00
00babbaaaabbab00
00babbaaaabbab00
00bbbb0aa0bbbb00
000bb000000bb000
0000000000000000

0000000000000000
0000000000000000
0000000100000000
0000000100000000
0000001110000000
0000001110000000
0000011111000000
0111111111111100
0011111111111000
0001111111110000
0000111111100000
0001111111110000
0001111011110000
0011100000111000
0010000000001000
0000000000000000

0000000000000000
0000000000000000
0000000000000000
0000000000000000
0000000000000000
0000000000000000
0000000000000000
0000000000000000
0000000000000000
0000000000000000
0000000000000000
0000000000000000
0000000000000000
0000000000000000
0000000000000000
0000000000000000

0000000000000000
0000000000000000
0000000000000000
0000000000000000
0000000000000000
0000000000000000
0000000000000000
0000000000000000
0000000000000000
0000000000000000
0000000000000000
0000000000000000
0000000000000000
0000000000000000
0000000000000000
0000000000000000

0000000000000000
0000000000000000
0000000000000000
0000000000000000
0000000000000000
0000000000000000
0000000000000000
0000000000000000
0000000000000000
0000000000000000
0000000000000000
0000000000000000
0000000000000000
0000000000000000
0000000000000000
0000000000000000

0000000000000000
0000788888870000
0078889898888700
0788899999988870
0789999999998870
7889999998998887
7899989998988887
7898989988889887
7888888989898887
7878898888888877
7778888888787877
0787887788777770
0777878787787770
0077778777877700
0007777777777000
0000077777700000

0000000000000000
0000000000000000
0000333333330000
0003322222213000
0033332222111300
0333333221111130
3333333311111113
3222222222222223
0322222211111130
0032222211111300
0003222211113000
0000322211130000
0000032211300000
0000003213000000
0000000330000000
0000000000000000

0000000000000000
0000000000000000
0000000000000000
0000000000000000
0000000000000000
0000000330000000
0000003223000000
0000031133300000
0000000330000000
0000000000000000
0000000000000000
0000000000000000
0000000000000000
0000000000000000
0000000000000000
0000000000000000

0000000000000000
0111111111111120
0122222222222230
0123333333333230
0123333333333230
0123322222233230
0123321111233230
0123321221233230
0123321221233230
0123321111233230
0123322222233230
0123333333333230
0123333333333230
0122222222222230
0233333333333330
0000000000000000

0000033300033300
0000322233322230
0003233322233223
0032333333333323
0032331333313323
0032333333333230
0323333223332300
0323332112332300
3233332112333230
3233333223333230
3233133333333323
3223333333313323
0322333333333323
0033222222333223
0000333333222230
0000000000333300

1111111111111111
1222222112222221
1233332112333321
1232232112322321
1232232112322321
1233332112333321
1222222112222221
1111111111111111
1111111111111111
1222222112222221
1233332112333321
1232232112322321
1232232112322321
1233332112333321
1222222112222221
1111111111111111

0000000000000000
0000000000000000
0000000000000000
0aa0aa0bb0aa0aa0
aa0aaaa00aaaa0aa
aa0aaaa00aaaa0aa
aa0aaaa00aaaa0aa
0aa0aa0bb0aa0aa0
a00b00baab00b00a
ab0bbba00abbb0ba
000bbba00abbb000
ab0bbba00abbb0ba
0a0bbbbaabbbb0a0
0000bbbbbbbb0000
000000bbbb000000
0000000000000000

0000000000000000
000b00000000b000
000bb000000bb000
000bb000000bb000
000b0aa00aa0b000
000b0aa00aa0b000
000bb00aa00bb000
000bbba00abbb000
000bbba00abbb000
0000bba00abb0000
000bbbaaaabbb000
000babaaaabab000
000babaaaabab000
000bbb0aa0bbb000
0000b000000b0000
0000000000000000

0000000000000000
0000000000000000
0000000000000000
0000000000000000
0000000000000000
0000100000100000
0000111011100000
0000011111000000
0000011111000000
0000111111100000
0001111111110000
0000001110000000
0000000100000000
0000000100000000
0000000000000000
0000000000000000

0000000000000000
0000000000000000
0000000000000000
0000000000000000
0000000000000000
0000000000000000
0000000000000000
0000000000000000
0000000000000000
0000000000000000
0000000000000000
0000000000000000
0000000000000000
0000000000000000
0000000000000000
0000000000000000

0000000000000000
0000000000000000
0000000000000000
0000000000000000
0000000000000000
0000000000000000
0000000000000000
0000000000000000
0000000000000000
0000000000000000
0000000000000000
0000000000000000
0000000000000000
0000000000000000
0000000000000000
0000000000000000

0000000000000000
0000000000000000
0000000000000000
0000000000000000
0000000000000000
0000000000000000
0000000000000000
0000000000000000
0000000000000000
0000000000000000
0000000000000000
0000000000000000
0000000000000000
0000000000000000
0000000000000000
0000000000000000

0000000000000000
0000078888887000
0007888989888870
0078889999998887
0078999999999887
0788999999899888
0789998999898888
0789898998888988
0788888898989888
0787889888888887
0777888888878787
0078788778877777
0077787878778777
0007777877787770
0000777777777700
0000007777770000

0000000000000000
0000000000000000
0000333333330000
0003333333333000
0032233333322300
0322223333222230
3222222332222223
3222222222222223
0333333322222230
0033333322222300
0003333322223000
0000333322230000
0000033322300000
0000003323000000
0000000330000000
0000000000000000

0000000000000000
0000000000000000
0000000000000000
0000000000000000
0000003333000000
0000032222300000
0000311223330000
0000311133330000
0000032233300000
0000003233000000
0000000330000000
0000000000000000
0000000000000000
0000000000000000
0000000000000000
0000000000000000

0000000000000000
0111111111111120
0122222222222230
0123333333333230
0123222222223230
0123211111123230
0123212222123230
0123212332123230
0123212332123230
0123212222123230
0123211111123230
0123222222223230
0123333333333230
0122222222222230
0233333333333330
0000000000000000

0000333300000000
0003222233000000
0032233322333000
0032333333222300
0323313333333230
0323333333333323
0323333333313323
0323333223333323
0323333223333230
0323333333333230
3233333333333230
3233133333313323
3233333322333323
3223332233233223
0322223300322230
0033330000033300

2222222222222222
2333333223333332
2322223223222232
2321123223211232
2321123223211232
2322223223222232
2333333223333332
2222222222222222
2222222222222222
2333333223333332
2322223223222232
2321123223211232
2321123223211232
2322223223222232
2333333223333332
2222222222222222

0000000000000000
0000000000000000
0000000000000000
0aa0aa0bb0aa0aa0
aa0aaaa00aaaa0aa
aa0aaaa00aaaa0aa
aa0aaaa00aaaa0aa
0aa0aa0bb0aa0aa0
a00b00baab00b00a
ab0bbba00abbb0ba
000bbba00abbb000
ab0bbba00abbb0ba
0a0bbbbaabbbb0a0
0000bbbbbbbb0000
000000bbbb000000
0000000000000000

0000000000000000
000b00000000b000
000bb000000bb000
000bb000000bb000
000b0aa00aa0b000
000b0aa00aa0b000
000bb00aa00bb000
000bbba00abbb000
000bbba00abbb000
0000bba00abb0000
000bbbaaaabbb000
000babaaaabab000
000babaaaabab000
000bbb0aa0bbb000
0000b000000b0000
0000000000000000

0000000000000000
0000000000000000
0000000100000000
0000000100000000
0000001110000000
0000001110000000
0000011111000000
0111111111111100
0011111111111000
0001111111110000
0000111111100000
0001111111110000
0001111011110000
0011100000111000
0010000000001000
0000000000000000

0000
0fff
099f
044f
0940
0510
0e92
0330
0666
0aaa
0ee9
0b17
